移動相対値
1:[-1,1,0] 2:[0,1,0] 3:[1,1,0] 4:[-1,0,0] 5:[1,0,0] 6:[-1,-1,0] 7:[0,-1,0] 8:[1,-1,0]
9:[-1,1,1] 10:[0,1,1] 11:[1,1,1] 12:[-1,0,1] 12-2:[0,0,1] 13:[1,0,1] 14:[-1,-1,1] 15:[0,-1,1] 16:[1,-1,1]
17:[-1,1,-1] 18:[0,1,-1] 19:[1,1,-1] 20:[-1,0,-1] 20-1:[0,0,-1] 21:[1,0,-1] 22:[-1,-1,-1] 23:[0,-1,-1] 24:[1,-1,-1]

飛系
25:[2,0,0] 26:[3,0,0] 27:[4,0,0] 28:[5,0,0] 29:[6,0,0] 30:[7,0,0] 31:[8,0,0]
32:[-2,0,0] 33:[-3,0,0] 34:[-4,0,0] 35:[-5,0,0] 36:[-6,0,0] 37:[-7,0,0] 37:[-8,0,0]
38:[0,2,0] 39:[0,3,0] 40:[0,4,0] 41:[0,5,0] 42:[0,6,0] 43:[0,7,0] 44:[0,8,0]
45:[0,-2,0] 46:[0,-3,0] 47:[0,-4,0] 48:[0,-5,0] 49:[0,-6,0] 50:[0,-7,0] 51:[0,-8,0]
52:[0,0,2] 53:[0,0,3] 54:[0,0,4] 55:[0,0,5] 56:[0,0,6] 57:[0,0,7] 58:[0,0,8]
59:[0,0,-2] 60:[0,0,-3] 61:[0,0,-4] 62:[0,0,-5] 63:[0,0,-6] 64:[0,0,-7] 65:[0,0,-8]

角系
66:[2,2,2] 67:[3,3,3] 68:[4,4,4] 69:[5,5,5] 70:[6,6,6] 71:[7,7,7] 72:[8,8,8]
73:[-2,2,2] 74:[-3,3,3] 75:[-4,4,4] 76:[-5,5,5] 77:[-6,6,6] 78:[-7,7,7] 79:[-8,8,8]
80:[-2,-2,2] 81:[-3,-3,3] 82:[-4,-4,4] 83:[-5,-5,5] 84:[-6,-6,6] 85:[-7,-7,7] 86:[-8,-8,8]
87:[2,-2,2] 88:[3,-3,3] 89:[4,-4,4] 90:[5,-5,5] 91:[6,-6,6] 92:[7,-7,7] 93:[8,-8,8]
94:[2,2,-2] 95:[3,3,-3] 96:[4,4,-4] 97:[5,5,-5] 98:[6,6,-6] 99:[7,7,-7] 100:[8,8,-8]
101:[-2,2,-2] 102:[-3,3,-3] 103:[-4,4,-4] 104:[-5,5,-5] 105:[-6,6,-6] 106:[-7,7,-7] 107:[-8,8,-8]
108:[-2,-2,-2] 109:[-3,-3,-3] 110:[-4,-4,-4] 111:[-5,-5,-5] 112:[-6,-6,-6] 113:[-7,-7,-7] 114:[-8,-8,-8]
115:[2,-2,-2] 116:[3,-3,-3] 117:[4,-4,-4] 118:[5,-5,-5] 119:[6,-6,-6] 120:[7,-7,-7] 121:[8,-8,-8]

桂系
122:[-1,2,1] 123:[1,2,1] 124:[-1,2,-1] 125:[1,2,-1]

歩:[2] 香車:[25,26,27,28,29,30,31] 桂馬:[94,95,96,97] 銀:[1,2,3,6,8,9,10,11,14,15,16,17,18,19,22,23,24]
金:[1,2,3,4,5,7,9,10,11,12,12-2,13,17,18,19,20,20-1,21] 
玉:[1,2,3,4,5,6,7,8,9,10,11,12,12-2,13,14,15,16,17,18,19,20,20-1,21,22,23,24]
角:[9,11,17,19,66,67,68,69,70,71,72,73,74,75,76,77,78,79,80,81,82,83,84,85,86,87,88,89,90,91,92,93,94,95,96,97,98,99,100,101,102,103,104,105,106,107,108,109,110,112,113,114,115,116,117,118,119,120,121]
飛:[2,4,5,7,12-2,20-1,25,26,27,28,29,30,31,32,33,34,35,36,37,38,39,40,41,42,43,44,45,46,47,48,49,50,51,52,53,54,55,56,57,58,59,60,61,62,63,64,65]

var moveableRelativePoint = function(){
}